2024-03-22 13:22:35.2770|DEBUG|Program|location of wsfscservice is: C:\Users\runneradmin\.nuget\packages\websharper.fsharp\7.0.6.443-beta5\tools\net6.0\win-x64 (server side)
2024-03-22 13:22:35.2770|DEBUG|Program|pipename is: C:\Users\runneradmin\.nuget\packages\websharper.fsharp\7.0.6.443-beta5\tools\net6.0\win-x64 (server side)
2024-03-22 13:22:35.2770|DEBUG|Program|Compiling D:\a\build-script\build-script\signalr\WebSharper.SignalR.Tests\WebSharper.SignalR.Tests.fsproj
2024-03-22 13:22:35.2770|TRACE|Program|Server sends: e: WebSharper warning WS9002: Please use "web" instead of "site" for your project type
2024-03-22 13:22:38.0813|TRACE|Program|Server sends: e: D:\a\build-script\build-script\signalr\WebSharper.SignalR.Tests\Site.fs(67,21,67,27): warning FS0044: This construct is deprecated. This is an alias of ClientServer.client. Use ClientServer.client instead (or open the type WebSharper.UI.ClientServer) without <@ ... @>.
2024-03-22 13:22:38.0813|TRACE|Program|Server sends: n: F# compilation: 00:00:02.8069646
2024-03-22 13:22:39.6110|TRACE|Program|Server sends: n: Checking project: 00:00:01.5282279
2024-03-22 13:22:39.6110|TRACE|Program|Server sends: n: Waiting on merged metadata: 00:00:00.0009274
2024-03-22 13:22:39.9072|TRACE|Program|Server sends: n: Parsing with FCS: 00:00:00.2951904
2024-03-22 13:22:39.9072|TRACE|Program|Server sends: n: Analyzing function arguments: 00:00:00.0021765
2024-03-22 13:22:39.9538|TRACE|Program|Server sends: n: Resolving names: 00:00:00.0444641
2024-03-22 13:22:40.2452|TRACE|Program|Server sends: n: WebSharper translation: 00:00:00.2912815
2024-03-22 13:22:40.2452|TRACE|Program|Server sends: n: Source position transformations: 00:00:00.0115689
2024-03-22 13:22:40.3066|TRACE|Program|Server sends: n: Packaging assembly: 00:00:00.0499067
2024-03-22 13:22:40.4561|TRACE|Program|Server sends: n: Writing SignalRClient.MyHub.js: 00:00:00.1495545
2024-03-22 13:22:40.4561|TRACE|Program|Server sends: n: Writing $StartupCode_SignalRClient.js: 00:00:00.0006626
2024-03-22 13:22:40.4561|TRACE|Program|Server sends: n: Writing WebSharper.SignalR.Tests.Server.js: 00:00:00.0005237
2024-03-22 13:22:40.4561|TRACE|Program|Server sends: n: Writing WebSharper.SignalR.Tests.Client.js: 00:00:00.0004097
2024-03-22 13:22:40.4561|TRACE|Program|Server sends: n: Writing WebSharper.SignalR.Tests.Templating.js: 00:00:00.0004026
2024-03-22 13:22:40.4561|TRACE|Program|Server sends: n: Writing $Generated.js: 00:00:00.0003886
2024-03-22 13:22:40.4790|TRACE|Program|Server sends: n: Writing .d.ts files: 00:00:00.0204912
2024-03-22 13:22:40.4804|TRACE|Program|Server sends: n: Hashing resources: 00:00:00.0013937
2024-03-22 13:22:40.6225|TRACE|Program|Server sends: n: Serializing metadata: 00:00:00.1420783
2024-03-22 13:22:40.6538|TRACE|Program|Server sends: n: Writing resources into assembly: 00:00:00.0313662
2024-03-22 13:22:40.6538|TRACE|Program|Server sends: n: Unpacking into D:\a\build-script\build-script\signalr\WebSharper.SignalR.Tests\wwwroot
2024-03-22 13:22:40.8089|TRACE|Program|Server sends: n: Unpacking: 00:00:00.1551062
2024-03-22 13:22:40.8089|TRACE|Program|Server sends: x: 0
